   date  day    period  nswprice  nswdemand  vicprice  vicdemand  transfer
0   0.0    2  0.000000  0.056443   0.439155  0.003467   0.422915  0.414912
1   0.0    2  0.021277  0.051699   0.415055  0.003467   0.422915  0.414912
2   0.0    2  0.042553  0.051489   0.385004  0.003467   0.422915  0.414912
3   0.0    2  0.063830  0.045485   0.314639  0.003467   0.422915  0.414912
4   0.0    2  0.085106  0.042482   0.251116  0.003467   0.422915  0.414912
# nan values in X 0

reference data
(15104, 8)
[[0.       2.       0.       ... 0.003467 0.422915 0.414912]
 [0.       2.       0.021277 ... 0.003467 0.422915 0.414912]
 [0.       2.       0.042553 ... 0.003467 0.422915 0.414912]
 ...
 [0.434052 1.       0.617021 ... 0.003467 0.422915 0.414912]
 [0.434052 1.       0.638298 ... 0.003467 0.422915 0.414912]
 [0.434052 1.       0.659574 ... 0.003467 0.422915 0.414912]]

reference labels
(30208,)

testing data
(30208, 8)
[[4.34052e-01 1.00000e+00 6.80851e-01 ... 3.46700e-03 4.22915e-01
  4.14912e-01]
 [4.34052e-01 1.00000e+00 7.02128e-01 ... 3.46700e-03 4.22915e-01
  4.14912e-01]
 [4.34052e-01 1.00000e+00 7.23404e-01 ... 3.46700e-03 4.22915e-01
  4.14912e-01]
 ...
 [9.15800e-01 7.00000e+00 9.57447e-01 ... 2.98300e-03 2.47799e-01
  3.62281e-01]
 [9.15800e-01 7.00000e+00 9.78723e-01 ... 4.63000e-03 3.45417e-01
  2.06579e-01]
 [9.15800e-01 7.00000e+00 1.00000e+00 ... 3.54200e-03 3.55256e-01
  2.31140e-01]]

testing labels
(15104,)
   date  day    period  nswprice  nswdemand  vicprice  vicdemand  transfer
0   0.0    2  0.000000  0.056443   0.439155  0.003467   0.422915  0.414912
1   0.0    2  0.021277  0.051699   0.415055  0.003467   0.422915  0.414912
2   0.0    2  0.042553  0.051489   0.385004  0.003467   0.422915  0.414912
3   0.0    2  0.063830  0.045485   0.314639  0.003467   0.422915  0.414912
4   0.0    2  0.085106  0.042482   0.251116  0.003467   0.422915  0.414912
# nan values in X 0

reference data
(15104, 8)
[[0.       2.       0.       ... 0.003467 0.422915 0.414912]
 [0.       2.       0.021277 ... 0.003467 0.422915 0.414912]
 [0.       2.       0.042553 ... 0.003467 0.422915 0.414912]
 ...
 [0.434052 1.       0.617021 ... 0.003467 0.422915 0.414912]
 [0.434052 1.       0.638298 ... 0.003467 0.422915 0.414912]
 [0.434052 1.       0.659574 ... 0.003467 0.422915 0.414912]]

reference labels
(30208,)

testing data
(30208, 8)
[[4.34052e-01 1.00000e+00 6.80851e-01 ... 3.46700e-03 4.22915e-01
  4.14912e-01]
 [4.34052e-01 1.00000e+00 7.02128e-01 ... 3.46700e-03 4.22915e-01
  4.14912e-01]
 [4.34052e-01 1.00000e+00 7.23404e-01 ... 3.46700e-03 4.22915e-01
  4.14912e-01]
 ...
 [9.15800e-01 7.00000e+00 9.57447e-01 ... 2.98300e-03 2.47799e-01
  3.62281e-01]
 [9.15800e-01 7.00000e+00 9.78723e-01 ... 4.63000e-03 3.45417e-01
  2.06579e-01]
 [9.15800e-01 7.00000e+00 1.00000e+00 ... 3.54200e-03 3.55256e-01
  2.31140e-01]]

testing labels
(15104,)
   date  day    period  nswprice  nswdemand  vicprice  vicdemand  transfer
0   0.0    2  0.000000  0.056443   0.439155  0.003467   0.422915  0.414912
1   0.0    2  0.021277  0.051699   0.415055  0.003467   0.422915  0.414912
2   0.0    2  0.042553  0.051489   0.385004  0.003467   0.422915  0.414912
3   0.0    2  0.063830  0.045485   0.314639  0.003467   0.422915  0.414912
4   0.0    2  0.085106  0.042482   0.251116  0.003467   0.422915  0.414912
# nan values in X 0

reference data
(15104, 8)
[[0.       2.       0.       ... 0.003467 0.422915 0.414912]
 [0.       2.       0.021277 ... 0.003467 0.422915 0.414912]
 [0.       2.       0.042553 ... 0.003467 0.422915 0.414912]
 ...
 [0.434052 1.       0.617021 ... 0.003467 0.422915 0.414912]
 [0.434052 1.       0.638298 ... 0.003467 0.422915 0.414912]
 [0.434052 1.       0.659574 ... 0.003467 0.422915 0.414912]]

reference labels
(30208,)

testing data
(30208, 8)
[[4.34052e-01 1.00000e+00 6.80851e-01 ... 3.46700e-03 4.22915e-01
  4.14912e-01]
 [4.34052e-01 1.00000e+00 7.02128e-01 ... 3.46700e-03 4.22915e-01
  4.14912e-01]
 [4.34052e-01 1.00000e+00 7.23404e-01 ... 3.46700e-03 4.22915e-01
  4.14912e-01]
 ...
 [9.15800e-01 7.00000e+00 9.57447e-01 ... 2.98300e-03 2.47799e-01
  3.62281e-01]
 [9.15800e-01 7.00000e+00 9.78723e-01 ... 4.63000e-03 3.45417e-01
  2.06579e-01]
 [9.15800e-01 7.00000e+00 1.00000e+00 ... 3.54200e-03 3.55256e-01
  2.31140e-01]]

testing labels
(15104,)
HEY
